Problem instance: C101. Distance: 824.6190275685576. Vehicles: 10.
route 1: 1 44 43 42 41 45 47 46 49 52 51 53 50 48 1;
route 2: 1 99 97 96 95 93 94 98 100 3 1;
route 3: 1 82 79 77 72 71 74 78 80 81 1;
route 4: 1 91 88 87 84 83 85 86 89 90 92 1;
route 5: 1 68 66 64 63 75 73 62 65 69 67 70 1;
route 6: 1 21 25 26 28 30 31 29 27 24 23 22 1;
route 7: 1 14 18 19 20 16 17 15 13 1;
route 8: 1 33 34 32 36 38 39 40 37 35 1;
route 9: 1 6 4 8 9 11 12 10 7 5 2 76 1;
route 10: 1 58 56 55 54 57 59 61 60 1;


